1000000020254012025101501000000000000000000000000000000000000000000000000000000000000000000000000001000000001                                                                                                                                   
                                                                                                                                                                                                                                                
200000002070082440972025063020250601012025101582859900000015180082025082920250704200000000000100000000000000000000310031211165110000001518000092020073000000000020010000000000000000000000000000000000000000000000000000000000000000000000000000
000000000000000000000000000000000000000000000000000000000000000000000000000000000000000000000000000000000000000000000000000000000000000000000000000000000000000000000000000000000000000000000000000000000000000000000000000000000000000000000000
200000002070082441002025063020250601012025101534927900000015180082025082920250707200000000000200000000000000000000871011211228910000001518003092018011100000000030020000000000000000000000000000000000000000000000000000000000000000000000000000
000000000000000000000000000000000000000000000000000000000000000000000000000000000000000000000000000000000000000000000000000000000000000000000000000000000000000000000000000000000000000000000000000000000000000000000000000000000000000000000000
200000002070082441272025063020250601012025101553174400000015180082025082920250625100000000000200000000000000000000870011211137850000001518000132021062200000000040110000000000000000000000000000000000000000000000000000000000000000000000000000
000000000000000000000000000000000000000000000000000000000000000000000000000000000000000000000000000000000000000000000000000000000000000000000000000000000000000000000000000000000000000000000000000000000000000000000000000000000000000000000000
300000002025400000003000000000004554000100000001000000000001518000000000200000000000303600000000000000000000000000000000000000000000000000000000000050000000000000000000000000000000000000000000000000000000000000000000000000000000000000000000
000000000000000000000000000000000000000000000000000000000000000000000000000000000000000000000000000000000000000000000000000000000000000000000000000000000000000000000000000000000000000000000000000000000000000000000000000000000000000000000000
1000000020254022025101502000000000000000000000000000000000000000000000000000000000000000000000000002000000006                                                                                                                                   
                                                                                                                                                                                                                                                
200000002070082440542025063020250601012025101583627300000015180082025082920250630100000000110200000000000000000000881011211104450000001518000002014032100000000070220000000000000000000000000000000000000000000000000000000000000000000000000000
000000000000000000000000000000000000000000000000000000000000000000000000000000000000000000000000000000000000000000000000000000000000000000000000000000000000000000000000000000000000000000000000000000000000000000000000000000000000000000000000
200000002070082440622025063020250601012025101507036400000015180082025082920250701100000000120100000000000000000000311031211005540000001518000002020073000000000080020000000000000000000000000000000000000000000000000000000000000000000000000000
000000000000000000000000000000000000000000000000000000000000000000000000000000000000000000000000000000000000000000000000000000000000000000000000000000000000000000000000000000000000000000000000000000000000000000000000000000000000000000000000
200000002070082440702025063020250601012025101582859900000030398582025082920250702100000000130100000000000000000000310031211165110000003039850002020073000000000090010000000000000000000000000000000000000000000000000000000000000000000000000000
000000000000000000000000000000000000000000000000000000000000000000000000000000000000000000000000000000000000000000000000000000000000000000000000000000000000000000000000000000000000000000000000000000000000000000000000000000000000000000000000
200000002070082440892025063020250601012025101585686600000015180082025082920250703100000000140100000000000000000000310031211006040000001518000002020073000000000100010000000000000000000000000000000000000000000000000000000000000000000000000000
000000000000000000000000000000000000000000000000000000000000000000000000000000000000000000000000000000000000000000000000000000000000000000000000000000000000000000000000000000000000000000000000000000000000000000000000000000000000000000000000
200000002070082441352025063020250601012025101507036400000015180082025082920250626100000000150100000000000000000000310031211005540000001518000132020073000000000110010000000000000000000000000000000000000000000000000000000000000000000000000000
000000000000000000000000000000000000000000000000000000000000000000000000000000000000000000000000000000000000000000000000000000000000000000000000000000000000000000000000000000000000000000000000000000000000000000000000000000000000000000000000
200000002074051591262025063020250601012025101534927900000015180082025082920250625100000000160100000000000000000000310031211228910000001518000132020073000000000120010000000000000000000000000000000000000000000000000000000000000000000000000000
000000000000000000000000000000000000000000000000000000000000000000000000000000000000000000000000000000000000000000000000000000000000000000000000000000000000000000000000000000000000000000000000000000000000000000000000000000000000000000000000
300000002025400000006000000000010629850200000005000000000009111850000000100000000000151800000000000000000000000000000000000000000000000000000000000130000000000000000000000000000000000000000000000000000000000000000000000000000000000000000000
000000000000000000000000000000000000000000000000000000000000000000000000000000000000000000000000000000000000000000000000000000000000000000000000000000000000000000000000000000000000000000000000000000000000000000000000000000000000000000000000
100000002125401202510150300000000000000000000000000000000000000000000000000000000000000000000000000100000001400000000000000000000000000000000000000000000000000000000000000000000000000000000000000000000000000000000000000000000000000000000000
000000000000000000000000000000000000000000000000000000000000000000000000000000000000000000000000000000000000000000000000000000000000000000000000000000000000000000000000000000000000000000000000000000000000000000000000000000000000000000000000
20000000217008244100349279087080010801000000015040314381848                                                                                                                          0000000000000000                                05  0000000
0201404030000                                        00000000000              00000000                                9000000000020251015183828GISELE DA G A R TAKAMINE                                  200000000000000000000000000000000000000
300000002125400000001030000000160000000000000000000000000000000000000000000000000000000000000000000000000000000000000000000000000000000000000000000000000000000000000000000000000000000000000000000000000000000000000000000000000000000000000000
000000000000000000000000000000000000000000000000000000000000000000000000000000000000000000000000000000000000000000000000000000000000000000000000000000000000000000000000000000000000000000000000000000000000000000000000000000000000000000000000
100000002125402202510150400000000000000000000000000000000000000000000000000000000000000000000000000200000001700000000000000000000000000000000000000000000000000000000000000000000000000000000000000000000000000000000000000000000000000000000000
000000000000000000000000000000000000000000000000000000000000000000000000000000000000000000000000000000000000000000000000000000000000000000000000000000000000000000000000000000000000000000000000000000000000000000000000000000000000000000000000
20000000217008244054836273088080010800000000018033992629813                                                                                                                          0000000000000000                                05  0000000
0201403210000                                        00000000000              00000000                                9000000000020251015183828LOURDES A DA S CORNELIO                                   200000000000000000000000000000000000000
20000000217008244070828599031110010300000000019000000000000                                                                                                                          0000000000000000                                02  0000000
0202007300000                                        00000000000              00000000                                9000000000020251015183828FULANO QRMFXNBJ HQGVPUI                                   100000000000000000000000000000000000000
300000002125400000002040000000200000000000000000000000000000000000000000000000000000000000000000000000000000000000000000000000000000000000000000000000000000000000000000000000000000000000000000000000000000000000000000000000000000000000000000
000000000000000000000000000000000000000000000000000000000000000000000000000000000000000000000000000000000000000000000000000000000000000000000000000000000000000000000000000000000000000000000000000000000000000000000000000000000000000000000000